==========================================================================================
WORD2VEC HYPERPARAMETER EXPERIMENT RESULTS
==========================================================================================

Model        |  Dim | Window |  Neg |  Time(s) |   AvgSim |  Vocab
------------------------------------------------------------------
CBOW         |   50 |      5 |   10 |      0.8 |   0.9711 |   1267
Skip-gram    |   50 |      5 |   10 |      2.0 |   0.7629 |   1267
CBOW         |  100 |      5 |   10 |      0.6 |   0.9803 |   1267
Skip-gram    |  100 |      5 |   10 |      2.0 |   0.7691 |   1267
CBOW         |  200 |      5 |   10 |      0.8 |   0.9875 |   1267
Skip-gram    |  200 |      5 |   10 |      2.4 |   0.7891 |   1267
CBOW         |  100 |      3 |   10 |      0.6 |   0.9863 |   1267
Skip-gram    |  100 |      3 |   10 |      1.5 |   0.8104 |   1267
CBOW         |  100 |      5 |   10 |      0.6 |   0.9817 |   1267
Skip-gram    |  100 |      5 |   10 |      1.9 |   0.7691 |   1267
CBOW         |  100 |      7 |   10 |      0.7 |   0.9823 |   1267
Skip-gram    |  100 |      7 |   10 |      2.4 |   0.7404 |   1267
CBOW         |  100 |      5 |    5 |      0.5 |   0.9958 |   1267
Skip-gram    |  100 |      5 |    5 |      1.1 |   0.7668 |   1267
CBOW         |  100 |      5 |   10 |      0.6 |   0.9810 |   1267
Skip-gram    |  100 |      5 |   10 |      1.9 |   0.7707 |   1267
CBOW         |  100 |      5 |   15 |      0.8 |   0.9707 |   1267
Skip-gram    |  100 |      5 |   15 |      2.6 |   0.7840 |   1267
